522H.26[45] User Data Unregistered SEI message
H.26[45] User Data Unregistered SEI message

68
68
71
68
68
75
68
68
76
68
68
76
68
68
76
68
68
76
68
68
76
68
68
76
3854
15500
7932
9819
21675
11415
11091
26702
7931
20001
5978
18902
3893
17412
2596
16273
1450
14294
810
12027
1106
11721
1176
11809
1097
10396
1034
8725
2220
6024
2383
2335
1342
940
421
302
359
2027
6557
4860
12278
7306
17393
9124
18333
6787
5494
16925
2855
13412
1839
12652
1444
12474
1279
13117
1139
12092
1081
11906
1083
10695
965
9091
2976
21909H.26[45] User Data Unregistered SEI message
H.26[45] User Data Unregistered SEI message

3026
4521
2035
2372
908
353
217
86
68
68
84
68
68
76
68
68
76
68
68
76
68
68
76
68
68
76
68
68
76
68
68
76
68
68
76
68
68
76
68
68
76
68
76
76
120931
511
4804
657
7014
689
7617
897
766
8208
967
792
9060
1066
1055
8102
996
850
8146
1074
1093
8175
926
1100
9211
1062
1439
8568
879
1219
9195
722
1078
9180
719
922
8797
654
1384
5966
725
746
3951
651
3172
1061
1111
453
233
88
285
267
3729
11211
873
2022
11324
1282
9817
962
941
14055
1221
999
12837
1102
1039
15316
599
4905
685
325
5444
535
4392
571
3658
651
5455
900
729
5754
947
668
4709
700
425
3298
946
699
2357
78820H.26[45] User Data Unregistered SEI message
H.26[45] User Data Unregistered SEI message

8239
9750
25703
9674
26811
11388
29378
13058
31532
13989
31372
15426
31213
23355
158483
1975
22425
5648
37690
2696
31353
5861
38321
2628
29497
5813
34755
2508
22344
7838
251806
609
1142
12300
862
17024
781
716
23307
862
18550
925
894
18887
1050
35091
1001
846
13961
848
879
12034
974
1202
9111
476
10143
469
8748
294
7918
281
5703
366
5165
243
4832
125
6448
4998
1690
239
102
86
223
686
2303
6668
7406
6663
14299
8215
11371
7892
12953
7751
15705
10621
13689
11221
15941
4263
17553
3498
13528
3787
11881
3720
14276
3620
13132
2861
10755
2678
2294
12952
3027
2652
9986
2332
1979
6200
20890
1186
10659
1297
5979
3521
4013
1210
126
3204
5911
9491
16684
3396
12961
5457
19493
7140
18361
5489
15012
6664
6631
16519
6611
6533
16205
4766
14429
4725
14054
7057
15162
4890
16819
3662
6954
13448H.26[45] User Data Unregistered SEI message
H.26[45] User Data Unregistered SEI message

3403
1714
2008
1795
6964
2658
8120
3456
13701
4555
18425
1699
10039
2182
2878
11831
2797
2302
10265
2080
2094
7465
2833
5465
7716
3441
2903
3729
1770
1324
648
355
4107
8230
10488
14099
17428
19594
21527
24079
27267
12940
23597
14042
27034
12750
23419
12565
23274
11886
21854
13466
13956
20033
22607
12767
19923
15183
13862
9504
4592
1454
2060
2711
6193
7358
4144
4200
13699
3864
14061
1915
8284
2182
2412
7055
2382
5861
2988
1900
10111
2876
7809
8001
3592
3164
7020
2504
2560
3560
1060
146
4107
13274
15186
6352
25433
4571
28251
4230
28597
2969
15823
3644
3491
21663
3468
3104
15507
4134
17887
3160
16912
3531
15902
2816
14397
2449
10031
3133
4651
3810
274
6416
14471
15198
18089
21098
6583
29744
5537
35314
2689
14864
3309
2801
18148
1918
9188
3453
18429
3482
18561
3476
19549
4956
17817
4042
12626
4552
6519
5094
479
10857
19892
6713
24426
5582
23880
4963
16388
47177H.26[45] User Data Unregistered SEI message
H.26[45] User Data Unregistered SEI message

6950
2665
2455
14801
3564
3144
13447
2354
10885
2270
10966
2366
2394
11967
3388
3235
12343
2492
8371
3366
78904
824
811
7265
874
739
10170
707
8193
740
8550
1188
12862
1187
13189
1111
12011
978
11875
877
11921
917
800
13438
837
651
10848
642
9179
762
8616
837
8207
862
8369
875
9514
904
854
9565
944
784
8470
731
3334
1350
1637
8218
1120
1516
11757
15497
1510
1630
12962
20296
240
137
27824
26079
117
260
28585
17810
27259
17726
27453
18558
26984
18916
27361
19601
27992
19932
28305
19277
30331
18518
32674
17649
32479
17326
29570
16272
30437
16473
30702
16393
16519
32902
14440
12763
33551
6179
24431
3292
23176
1243
19619
637
16461
623
19420
511
19842
615
19024
1043
18059
923
11987
917
732
11179
1006
1077
9159
794
1084
8398
1233
1692
8182
882
1032
6450
1262
5178
1348
1093
5372
788
661
3420
678
2465
618
1040
8488H.26[45] User Data Unregistered SEI message
H.26[45] User Data Unregistered SEI message

217
180
464
204
122
526
213
99
69
68
79
102
167
190720
1836
6734
1429
1376
13524
1329
1651
14960
1792
11054
1601
1829
9237
3186
98216
3739
4033
13502
6492
6619
22910
4592
18446
14445
4555
3792
15478
9131
4374
18806
539
2071
825
602
4215
732
3531
1022
938
4672
1208
3986
1613
1437
5354
1609
1674
5823
1759
1726
4903
1722
1744
4982
2018
2169
5438
10932H.26[45] User Data Unregistered SEI message
H.26[45] User Data Unregistered SEI message

2738
2454
5371
1913
4603
1536
4689
1485
4457
1685
4010
1869
3887
1422
1837
2458
1140
85
68
68
76
68
68
76
68
68
76
246
3974
12121
1736
20301
1960
20867
2743
22912
2592
27211
4815
4126
21774
4312
21187
8151
28823
8993
29067
10447
28355
14210
32746
16687
31424
14185
31596
6292
25355
3282
17356
2522
11379
5317
37623
1353
7517
1650
9084
1753
9547
1885
9536
2324
2409
9719
2607
2616
10334
4638
150511
1526
13520
3012
21010
1649
18294
3023
21760
2250
15232
3259
16831
2463
7584
142572H.26[45] User Data Unregistered SEI message
H.26[45] User Data Unregistered SEI message

14709
2782
33788
3396
38328
3934
39452
4354
38827
3551
38783
3020
47193
2705
34603
3668
39122
4211
37289
2921
37056
1932
36987
2474
38157
3833
38131
3226
37221
2308
34234
1242
32300
1255
26849
1798
22418
1580
16964
981
8371
1127
4593
4053
4127
299
381
364
107
122
352
388
7326
1185
36111
1257
1603
42027
1482
1627
38787
1703
33012
1858
37209
2192
2262
43113
2722
2298
25462
2603
29980
2392
21050
2678
2802
21087
3315
3048
20821
3143
3380
17089
3396
3291
13703
3309
9236
5528
140598
11977
17652
16885
20107
19512
21402
20225
20883
20765
20640
19562
17871
16584
14360
147512
2613
2653
15886
2491
15391
2449
19428
2900
16855
3278
14627
3003
9675
5696
94
84
68
68
76
68
75
3529
9400
1511
11288
880
10598
695
12127
449
12472
403
11747
482
10057
719
7562
48868H.26[45] User Data Unregistered SEI message
H.26[45] User Data Unregistered SEI message

991
786
16890
644
17788
1529
1344
24363
821
9704
1115
762
11632
858
8809
957
10940
1072
905
12124
1136
887
11313
1070
1040
8415
954
627
10153
846
535
7352
848
551
7121
1345
1062
11642
1511
1205
11711
1910
1242
12740
1037
8182
1266
1025
9933
1217
1048
9341
1271
838
8483
973
6840
1107
910
6944
1212
1053
5174
2565
27328
3288
8493
5998
10129
30340
17171
9664
21793
11767
155305
5448
13189
8957
30641
6849
10565
8673
35144
12148
21612
11894
19129
18066
60466
12018
13760
26317
19161
60152
19936
36855
21397
34915
33318
845
4692
1432
1338
8903
1583
1421
9538
1943
1688
12305
1722
1094
9747
1421
1308
10180
1679
1116
10458
1394
1071
9215
1445
1202
7904
1218
9258
1282
9837
1461
9807
1560
10303
1838
2161
12535
2122
2508
11543
1740
10914
2931
2771
9920
2285
2977
8076
9036H.26[45] User Data Unregistered SEI message
H.26[45] User Data Unregistered SEI message

4005
1633
3837
1469
84
68
68
75
68
78
97
1593
6260
1545
6985
2764
2451
13674
2563
2163
14989
2321
12418
1700
11804
1517
14420
1763
1381
11718
3408
3310
13528
1573
10283
2671
1535
8731
1499
8201
1931
1603
8297
1608
7789
2121
8732
1470
1438
7376
1335
1248
6434
990
4382
3533
18761
3270
11504
3292
2155
12650
1861
2217
8472
2159
2028
9156
2121
7036
4378
77811
4283
4634
22962
4346
25999
4555
27087
5729
5736
35118
15628
4692
25768
4824
26722
5072
27303
4926
27438
5059
27143
5010
26509
4963
25154
5347
26090
7509
8411
32720
6452
21273
14140
8188
8606
26817
11868
10077
40894H.26[45] User Data Unregistered SEI message
H.26[45] User Data Unregistered SEI message

5078
16018
5460
14787
5021
12245
4166
10144
2442
6930
1706
4616
2454
84
68
81
69
68
86
68
75
37415
268
37980
454
37239
361
35558
633
813
45133
991
836
35357
1141
30411
1333
28904
1214
20876
1412
1419
23812
1367
1509
21296
1338
15949
1154
16667
1390
1479
17788
1533
1432
16095
1411
1449
12731
1963
1483
12856
1537
1706
5872
2239
26353
4782
14179
5363
13583
7318
12436
6476
13977
5811
14020
6132
14116
6815
14667
30923H.26[45] User Data Unregistered SEI message
H.26[45] User Data Unregistered SEI message

1616
1371
9254
1476
9840
1449
9318
1426
8473
1490
8650
1655
9345
2201
2113
12676
2226
1918
10478
1831
8909
1865
8975
1770
8639
2111
2277
13679
2282
2199
11015
1913
2205
10865
2348
2160
10708
1598
8205
1848
2341
9343
1828
2077
7215
1694
1775
6085
1707
3057
3310
2098
84
68
68
76
68
68
76
98
1797
6823
6017
3479
8733
3762
10364
3381
11227
2649
12061
2720
12147
4100
12632
3725
11875
2347
11279
2502
11677
3431
3554
12519
3632
2901
12171
2017
10807
1991
10582
2494
2590
11932
2553
2024
11065
1464
9419
1590
10128
2592
2813
11585
7482
33599
4937
5079
13328
5778
16289
3969
13452
4458
13557
4848
16054
3497
10159
5289
12339
48196
2034
1560
7227
1836
1511
7764
1923
1471
7812
1569
6810
1632
7608
2086
1907
8459
2138
1801
8285
2011
1852
8211
1968
1714
7601
1862
1844
8812
2023
7915
1873
2687
9302
1958
1601
8230
1756
2173
8796
1973
1828
5172
30892H.26[45] User Data Unregistered SEI message
H.26[45] User Data Unregistered SEI message

1489
2644
6227
1531
1530
4864
526
997
808
354
250
86
68
68
76
68
76
62146
555
45856
610
45060
803
953
50673
1128
1128
45317
1723
1587
54380
1286
31537
1707
1498
31338
1110
1760
27310
1258
1084
26541
1195
1261
24256
1530
1292
22756
1010
17325
1313
1302
18562
1687
1523
15079
1435
10647
2157
2114
9534
3391
143405
1161
6867
3999
2900
14122
2958
2773
14532
1583
9051
2855
10072
2212
4758
28895
3697
3699
11058
3662
3600
12459
3392
10817
3851
12434
3345
11253
2944
10209
3056
10708
3865
3997
13104
3700
3673
10966
4313
4654
11281
4377
4022
12086
3639
9662
3138
11667
3853
4006
11952
4185
3833
15698
4307
4138
12272
4573
3999
13858
4219
4360
14197
3971
3783
10386
4460
4350
11263
4211
3871
11103
3113
9089
47325
3594
21313
4366
18597
5738
92
83
131788H.26[45] User Data Unregistered SEI message
H.26[45] User Data Unregistered SEI message

24370
13470
35364
12360
26195
234
436
23105
7710
9640
10089
7480
11511
266
224
31369
1849
9498
2227
10951
3942
814
374
69031
11225
23364
13661
14480
22915
393
788
77207
20220
9146
7405
22399
12926
183
442
82134
14736
32867
15726
31789
21417
155
296
23569
9117
15021
10239
15447
9016
15160
504
127
1018
105
68
405
119
138
68
68
82
68
68
76
68
68
76
68
68
76
68
68
76
68
68
76
68
68
76
68
68
76
68
68
76
68
68
76
68
68
76
140
207
912
3972
5024
2115
7882
2049
7875
6044
1914
12200
1648
7379
5958
34716H.26[45] User Data Unregistered SEI message
H.26[45] User Data Unregistered SEI message

2920
2555
18402
1848
17805
2569
2453
21553
3196
2405
21899
1777
1977
13334
2067
1624
14707
1662
12368
1899
1726
13907
2100
1769
13907
1869
1667
10766
1503
1365
10262
1824
1507
10092
1944
1327
12409
1356
1245
10419
1693
1308
10255
1354
1596
9594
1750
1581
9905
1480
1344
8210
1351
7492
1923
2001
10254
1161
9408
1299
10072
782
8996
805
8953
1186
9130
1016
7617
1238
6805
1025
5817
1735
3838
2386
124
235
85
68
68
76
68
76
399
44253
4032
4621
14547
6423
5214
26119
5459
14958
8029
6762
15384
10143
54496
3937
3491
10746
3603
10814
5684
14346
5138
12757
5315
12758
6034
6008
12098
5976
9931
8049
63240
20332
21128
31631
23428
30883
19896
31598
21257
31857
20761
30243
17289
34158
17343
28518
15001
24713
11224
17752
7942
1152
285
626H.26[45] User Data Unregistered SEI message
H.26[45] User Data Unregistered SEI message

182
193
1131
1338
2263
6314
4321
4878
11345
7161
7982
15649
9011
11259
19413
11093
21260
13621
13908
24511
14695
14145
24057
16069
15599
24171
14108
15441
25546
16744
14897
28025
15707
15766
27351
16257
16069
29551
13692
14962
27277
15676
14680
25285
11478
12505
19783
9004
6834
14234
3785
9285
2664
6657
1416
3073
614
945
313
201
412
114
6927
10119
13020
10460
12904
11820
12523
15688
5753
18826
5669
23413
6263
20573
5766
21422
5516
21082
5198
18113
5457
17543
5958
19082
5822
19979
6621
21383
7035
21600
7468
22667
8004
23714
6677
20113
6659
20163
5865
20973
5486
19129
5227
18606
5820
18111
5992
18163
6162
20574
5800
17831
5296
17757
5261
18042
5559
18310
5943
17991
5835
18348
6720
20972
6056
18758
5426
17267
5050
17310
5295
17557
5622
18620
4757
17614
4621
16873
5133
17048
4971
19860
5123
19513
5253
19057
5414
19178
5097
18083
4981
18678
5498
19883
5196
16768
4791
16519
4740
16048
4962
16087
6281
6520
14135
49009H.26[45] User Data Unregistered SEI message
H.26[45] User Data Unregistered SEI message

3476
14721
3855
16283
3555
15328
3768
15133
3681
16301
3972
15421
3832
15340
4302
15780
5079
17743
4255
17992
5524
17223
6074
18672
5905
20750
6143
18733
6320
18632
6839
20376
6318
19429
5420
17422
5505
21084
5531
19801
5705
19708
5111
18768
4992
17928
4964
19638
4666
16263
4222
15553
9533
7760
17047
16389
15705
14534
16363
18984
17760
14762
35972
11813
14675
17863
14977
19401
15418
20107
18263
19015
14114
13778
10232
13174
12680
19340H.26[45] User Data Unregistered SEI message
H.26[45] User Data Unregistered SEI message

10013
12961
9743
12282
59847
3567
3313
13497
3675
3759
16366
3759
3399
14859
2643
13616
3157
14636
3379
15429
2630
14973
2607
13743
2936
14881
3043
15311
3533
18365
4095
4260
17506
4799
4157
17548
3108
14015
3241
14765
3439
14601
3415
13976
3486
14054
3370
14268
3759
16090
3587
14411
4615
4756
15966
4889
4527
16288
4749
4761
17653
5060
4828
16294
4924
5066
15290
5276
5097
16137
6250
6407
17655
6576
6253
17819
4799
14790
4601
15740
4554
15125
4469
14013
5659
5530
13926
7520
52927
18615
13691
22596
17414
32923
14636
24021
37576
11516
12263
20225
12253
12548
18650
34422H.26[45] User Data Unregistered SEI message
H.26[45] User Data Unregistered SEI message

13516
20837
11727
15819
9761
15264
7680
14954
12051
110722
2606
26705
4084
31502
4990
44258
4321
26726
3877
24614
6078
34038
29619
32896
40085
40037
38698
32978
30280
23833
19847
29874
21766
26556
47009
57609
41622
40569
44892
63280
37299
41844
22237
24123
32761
92
92
85
68
70
78
68
68
76
68
68
76
68
68
76
68
68
76
68
68
76
68
68
76
68
68
76
70153H.26[45] User Data Unregistered SEI message
H.26[45] User Data Unregistered SEI message

3275
11345
3736
12006
3543
12844
3624
13289
3241
13614
3389
13769
3461
14634
3395
15343
3131
14525
3420
14979
3270
14899
3419
15583
3388
16911
3591
16317
4164
19257
3924
15840
4135
15380
4450
15783
4554
15944
4110
15606
4365
15681
4415
16065
4709
15745
5138
16575
5451
17787
5501
16899
5064
17437
4722
16833
4962
17261
6668
19209
5507
18666
5333
17919
5510
17961
4812
17154
9742
32814
21673
28456
21921
26293
21327
22563
19791
23356
20355
25406
21251
19195
6681
14632
7396
15325
15837
12718
18555
15391
15046
14302
36411
31456
30500
26679
19282
21772
9135
18423
13858
25443
19701
29263
23369
33141
21037
33309
26272
94
111
68
68
76
68
76
684
5629
10210
21986
1370
14526
1361
17459
1838
17693
2279
12902
48420H.26[45] User Data Unregistered SEI message
H.26[45] User Data Unregistered SEI message

5688
5616
22514
4968
21359
4921
20041
4356
18705
4637
20286
4157
20330
3561
18929
3619
19748
3742
18267
3404
17307
479
13560
5430
365
19921
6772
382
19819
4895
19716
707
45071
11178
20617
14634
24719
18211
27132
26675
27587
43681
8322
8814
22994
6879
26085
1024
6565
1039
8730
1096
806
8848
1018
805
7034
1131
939
4900
2116
22661
7565
11050
13110
10944
14911
11123
15298
13584
13870
10135
10268
17726
11845
30806
8332
23180
16407
16681
16020
38229
16894
9285
19526
10212
22508
14164
20052
30407
35717
25679
23374
33080
33119
18208
22801
34634
31457
20031
23921
30695
23682
20948
35663
18373
21720
24743
15009
6136
12317
7854
10902
41416
18191
18290
22668
18863
24267
19329
22209
25579
22833
21248
20103
19178
20807
19653
20848
22098
22188
23013
23175
26024
25847
28032
45983
9466
22401
8401
19425
25500
19648
11711
35974
6641
22894
7385
8085
22354
8507
7844
20972
6837
18648
5897
19490
6435
7301
17936
59675H.26[45] User Data Unregistered SEI message
H.26[45] User Data Unregistered SEI message

5754
7150
20571
7408
6529
20355
5291
5335
17156
5393
5088
13290
8322
72315
1212
9094
1423
1535
15275
1909
1702
16306
1218
12394
1350
931
14024
1306
1029
15692
1338
985
10806
1498
916
10663
1201
927
7774
1234
1033
4673
1647
50159
9096
20352
16788
27176
21712
31564
29717
36920
12332
19032
12589
20563
13902
20181
11837
17561
44328
11164
4983
21102
2715
16591
1996
9775
4621
29223
975
5833
886
6652
831
7032
867
6560
861
6245
872
6232
744
6047
911
836
7322
872
741
6605
828
4327
1492
72686
11145
38477
21329
40904
31614
298408
1788
12899
2336
2686
19958
2183
2354
22087
2040
2217
19330
2244
1929
16973
1846
11520
2780
3145
6787
35154
978
1034
7572
1436
1073
10043
1415
1304
9955
1643
1181
10270
1466
1300
9956
1566
1296
9066
1501
1429
7746
3249
91776
23502
9387
14785
34432
6193
32551
13748
281795H.26[45] User Data Unregistered SEI message
H.26[45] User Data Unregistered SEI message

1213
1843
8556
2213
2247
6801
1920
136797
30329
21410
27572
20816
36824
19006
15696
13197
6433
12385
6670
12991
7888
328
19526
451
2787
513
189
6696
499
3992
698
268
6347
616
233
5107
660
278
4391
1353
16295
3727
3822
9637
3865
3689
9600
3444
3568
9995
3126
8340
3552
3102
8688
3207
3275
8332
2811
7123
2753
7293
4986
57698
2749
12463
3304
20634
2666
21670
2486
19566
4479
22768
2225
2026
20542
2311
20226
2500
1700
22737
1888
12286
3394
2794
19755
7216
346029
5949
17358
6419
18986
5336
15937
7772
39915
15139
24738
16951
27478
13589
21324
49292
22398
21480
25097
21488
19866
18183
66405
7578
16516
7561
17271
1012
41745
698
764
16677
705
465
7032
553
409
6841
523
261
6589
427
4991
526
491
4780
665
694
2557
64164H.26[45] User Data Unregistered SEI message
H.26[45] User Data Unregistered SEI message

979
1086
7364
1821
1639
12327
1134
1013
11453
1630
1696
13756
1035
1007
9207
1398
7292
1350
6209
3198
226086
899
858
11820
1180
20030
6799
1010
20299
1326
1448
17846
6030
1067
14480
1380
1539
12728
3555
1473
10323
1614
1764
4244
444
32982
5155
5395
15104
4177
13298
4040
12936
3919
12802
3922
13407
3970
13677
3683
14716
3580
14009
3817
14439
3599
12342
4725
5039
12781
8810
46219
19917
16315
35225
8694
41429
4566
990
820
12132
4376
807
536
9890
777
542
8182
761
533
6933
726
610
4499
1466
185533
1628
16104
2193
2133
21432
2147
2414
22641
1987
19903
2300
2362
21674
2402
2562
19372
2112
13800
2568
2487
11120
3749
37206
11630
21922
20485
13898
26979
13995
9447
31327
1822
10098
2081
10581
2088
11187
2521
2312
11735
2171
8440
3772
15870
23958
19425
14373
22948
65612
4303
13799
6225
6034
24726
4745
4728
17791
4629
11229
91470H.26[45] User Data Unregistered SEI message
H.26[45] User Data Unregistered SEI message

21692
30477
44020
21264
36601
26630
40912
22128
28143
42520
25327
97685
3415
14709
5396
21518
3460
20466
4289
22599
3818
20975
5078
21879
3404
20649
3624
21772
5461
28840
5416
17588
3557
14186
3692
9952
41635
1696
1738
7400
1315
8805
1607
8365
1477
9570
1640
10895
1645
11063
1498
11347
1671
11233
1822
10569
1596
10684
2285
1957
13760
2155
1748
11114
2159
1997
11431
2239
1812
10826
1410
10115
1400
9961
1881
1786
10796
2162
1930
9553
2722
2106
9622
3791
38931
19332
16790
27281
18553
19624
29680
20535
28988
19908
20041
29048
54102
17642
14953
23643
11324
22370
11500
22421
10768
19810
89938
92459
88426
97926
87888
91465
123872
66270
61692
92351
61995
68941
81663
132860H.26[45] User Data Unregistered SEI message
H.26[45] User Data Unregistered SEI message

64337
71605
91653
71992
66202
91733
50178
89602
66103
76200
86326
73689
111960
2505
10243
2775
14836
2900
17546
3013
18572
3014
18026
3127
17791
3349
18815
3396
18900
3682
17856
3617
15558
3455
8821
49740
16691
26413
22637
24818
28570
48339
45908
47431
31077
100
94
83
76
16884
15069
16549
12423
18773
14699
19094
16149
22076
92
92
84
75
48480
17394
27078
16356
26202
15732
24132
69
92
86
94
69653
1483
6519
1621
8778
2045
1904
12459
1812
1388
11544
2131
1913
12236
2036
1619
11803
1617
9558
1704
9323
2034
1731
10748
1993
1712
8487
1973
1981
4904
72478H.26[45] User Data Unregistered SEI message
H.26[45] User Data Unregistered SEI message

1423
6695
2049
1933
11801
2151
1664
12814
1783
1686
12209
2280
1953
13087
2197
1816
12869
1600
10817
1849
1696
12156
1754
12363
2128
1796
14772
2144
1803
16087
2125
1597
13542
2326
2050
13611
2487
2338
13573
3198
3030
15353
3391
3206
15759
4245
3440
16203
3743
3245
15080
3864
3261
15509
2624
12725
2624
12397
3725
3356
15653
3075
11588
3569
2992
14700
2132
11451
2365
10661
2597
9414
2847
2773
9772
2806
15867
16635
14876
14389
13931
14000
9437
16562
5670
16014
6513
17413
15057
11290
9682
18944
6019
16671
6471
16634
6984
16286
6698
16259
10855
64975
2547
3775
17046
3819
3178
14294
6139
30807
4501
5680
19294
7797
18329
6473
10407
23163
6078
13421
6880
16599
8692
14763
7274
23859
20427
20054
21072
25032
42225
11717
5248
22169
5039
22092
4743
21631
7280
7598
25661
7435
6502
24152
4173
20491
4911
20788
4693
19923
9626
76788
13253
12037
23044
11269
11319
20512
11636
12596
18620
12829
14930
45993H.26[45] User Data Unregistered SEI message
H.26[45] User Data Unregistered SEI message

9971
18962
10184
18932
12725
14022
10490
8433
7372
7340
7969
126493
1554
6869
1467
2179
10537
1758
2114
8987
1435
2119
4120
34810
4738
14922
5047
16481
5016
16368
5213
16400
6184
17615
11703
12594
30196
4421
5058
13946
4185
12335
4316
12522
5058
12158
8326
26371
13640
19778
16679
16709
16105
12872
20348
17078
15514
15046
28712
7481
25278
9440
38121
862
8009
11924
792
12128
640
10015
703
10821
696
11021
694
10240
670
9480
899
679
9242
2283
22733
16533
13854
21286
3656
26124
1844
10255
1873
9759
5046
55167
1653
7521
1609
8160
1906
7684
1832
6728
3444
20582
5063
5298
11751
6310
5571
13139
4056
1433
12507
758
4931
881
5285
817
4547
2309
41928
9483
9770
19544
10276
20156
11024
18932
47899
24323
20243
41216
4131
35661
1555
13277
2405
2341
16100
2719
2380
14709
1884
11969
2778
2831
9565
49362H.26[45] User Data Unregistered SEI message
H.26[45] User Data Unregistered SEI message

3475
10775
3166
10790
4786
4718
12234
6604
37682
5929
12131
7223
14166
10987
6637
13710
2930
2863
18536
9440
6596
12747
9945
9214
117
207
37312
7845
16086
6119
14965
8850
3007
2999
21227
5682
14944
6794
15136
9220
94
85
27021
1293
5545
1783
6872
4008
97
97
27245
2088
6649
1725
6868
3177
143
113
33923
8103
18664
9523
9930
25632
8687
19872
9411
8394
22558
9005
9849
22653
9378
8194
21837
8293
8560
22524
8909
7913
21310
6604
17146
6913
6701
18593
5579
5665
16416
4211
3969
11691
3333
2782
9112
2406
2276
5326
22334H.26[45] User Data Unregistered SEI message
H.26[45] User Data Unregistered SEI message

1457
3790
1052
2972
956
631
1897
384
190
579
265
215
89
68
68
78
192
252
1706
3930
1973
1548
8100
1657
1414
7491
1587
1665
7715
2064
1914
8142
1895
2285
8380
6464
2735
2892
10258
2714
2298
11708
2113
10153
1670
7603
2224
2092
9371
2207
9665
2872
1827
6625
1829
6070
1884
1631
6580
1531
1513
5585
2430
1909
6920
2128
6339
1654
6360
2177
1691
6886
2044
1448
6127
1458
1300
5674
1458
1372
6855
1211
1013
4968
1442
1320
5261
1138
4322
1574
1763
7492
1663
6317
2316
1682
6621
1975
1819
6670
1557
5638
1959
1822
6092
1902
1666
6634
2144
2015
7593
1835
5627
1976
7388
2003
1653
7339
1655
6568
1604
1373
6093
1552
1302
5814
2084
1896
7340
2360
2167
6279
1931
5519
2088
6660
2017
1618
4809
35315H.26[45] User Data Unregistered SEI message
H.26[45] User Data Unregistered SEI message

2063
2102
8493
1674
9429
1483
1300
9630
1341
7590
1539
1236
8389
1672
1202
8394
1481
1341
8334
1802
1564
7892
1946
2221
9147
2303
2236
7936
2002
1417
7870
1379
5899
1549
1321
6482
1506
1253
7014
1129
5284
1482
5501
1377
1064
5676
1304
5787
1704
1729
7143
1674
1594
6154
1159
4611
2405
34728
4139
5052
12598
9546
4409
13358
4427
4353
13145
4925
9408
11867
4807
11512
95
92
74882
6392
23117
5169
21174
14896
3898
3879
34676
4946
19709
4194
18005
4794
12467
84
89
32327
20172
23186
36227
40231
31046
23822
1059
548
49974
36702
34246
10633
15711
10993
193
846
22543
2463
7863
2253
7637
3957
1327
726
43937
8522
18308
9079
18502
11168
93
83
35379H.26[45] User Data Unregistered SEI message
H.26[45] User Data Unregistered SEI message

6273
14177
7603
13061
8796
126
683
7920
11110
18796
9122
27484
13517
2606
2541
22985
15550
12889
27135
12551
21931
677
1254
18991
6074
14231
14118
26683
10167
22356
97
264
24963
19911
11476
10172
8550
8412
14528
11772
20756
9896
10751
19309
9180
18350
9716
8805
19010
8054
8452
18014
6925
15013
6373
5229
16544
3615
13228
3104
13172
3862
13561
2367
11976
2025
10537
1751
11642
1543
9722
1239
8817
1186
6486
1199
7298
1068
952
5175
886
915
3230
884
1924
7567H.26[45] User Data Unregistered SEI message
H.26[45] User Data Unregistered SEI message

672
497
1755
432
521
1187
341
177
348
165
170
106
91
532
79
100704
95
69
204
68
113
68
68
81
68
68
83
83
68
79
68
68
81
68
68
76
68
76
68
76
68
76
68
76
68
81
68
68
95
68
68
78
68
68
76
68
68
76
68
76
185
8913
7538
13927
9657
16806
11809
18353
13673
20738
14940
21815
15202
23038
15829
23238
16095
23647
17273
23995
17212
25244
18847
24476
17802
27359
18471
26241
17616
29031
20080
29655
17826
29919
17424
28677
16269
28744
15773
27323
15784
15333
27523
11652
9545
24435
4874
19981
2564
18204
1061
17587
881
16235
996
16731
987
16167
1013
12990
1915
11840
617
8919
679
7954
1010
7336
1218
6990
939
5499
3158
1323
791
4180
645
2647
651
477
2224
375
308
1208
205
646
168
131
286
133
127
123
85
84
68
68
76
68
68
76
68
68
76
68
68
76
68
68
76
68
68
76
68
68
76
68
68
76
68
68
76
68
68
76
68
68
75
76
